T_array2 = np.concatenate((np.linspace(0.1, 1.4, 10), np.linspace(1.5, 3, 25), np.linspace(3.1, 10, 15)))

Heat bath energy:
[-50.0, -50.0, -50.0, -50.0, -50.0, -50.0, -49.928730512249444, -49.86636971046771, -49.69710467706013, -49.34966592427617, -48.89532293986637, -48.53897550111358, -47.98663697104677, -47.53229398663697, -46.801781737193764, -46.0, -45.30512249443207, -44.334075723830736, -43.74610244988864, -42.73942093541203, -41.046770601336306, -40.55679287305122, -38.15144766146993, -37.27839643652561, -36.6815144766147, -33.94654788418708, -33.16258351893096, -30.64142538975501, -30.51670378619154, -28.948775055679288, -27.514476614699333, -26.64142538975501, -25.679287305122493, -24.71714922048998, -23.33630289532294, -22.543429844097997, -16.70824053452116, -13.875278396436526, -12.102449888641425, -10.115812917594655, -10.044543429844097, -8.66369710467706, -7.719376391982182, -7.371937639198218, -6.614699331848552, -6.783964365256125, -6.285077951002227, -5.5456570155902005, -5.180400890868597, -4.636971046770602]
Metropolis energy:
[-50.0, -50.0, -50.0, -50.0, -50.0, -50.0, -49.96436525612472, -49.928730512249444, -49.58129175946548, -48.99331848552338, -48.7260579064588, -48.494432071269486, -47.98663697104677, -47.389755011135854, -46.44543429844098, -46.507795100222715, -45.75946547884187, -44.83296213808463, -43.80846325167038, -42.28507795100223, -42.16035634743875, -39.630289532293986, -39.478841870824056, -36.90423162583519, -36.15590200445434, -33.98218262806236, -32.40534521158129, -31.478841870824052, -30.044543429844097, -29.12694877505568, -27.389755011135858, -26.587973273942094, -24.494432071269486, -23.951002227171493, -24.146993318485524, -21.608017817371937, -17.875278396436524, -13.964365256124722, -12.138084632516703, -10.659242761692651, -9.866369710467707, -9.082405345211582, -8.022271714922049, -7.273942093541202, -6.498886414253898, -6.22271714922049, -5.875278396436526, -5.848552338530067, -5.314031180400891, -5.144766146993319]
Heat bath magnetization:
[5.0, 5.0, 5.0, 5.0, 5.0, 5.0, 4.996436525612473, 4.992873051224945, 4.984855233853006, 4.964365256124721, 4.941202672605791, 4.91804008908686, 4.8824053452115805, 1.5211581291759466, 4.814699331848553, -4.233853006681515, -4.697995545657016, 0.8770601336302896, 2.8191536748329624, -0.4289532293986637, 0.8574610244988864, 0.9073496659242762, 0.36124721603563476, -0.03518930957683738, -0.08685968819599109, -0.6374164810690423, 0.5394209354120267, -0.46191536748329615, 0.18574610244988865, 0.39599109131403115, -0.5732739420935411, -0.04587973273942092, -0.1296213808463252, 0.06458797327394214, -0.09665924276169265, 0.05657015590200444, 0.24276169265033407, 0.13763919821826284, 0.0013363028953229134, -0.12783964365256129, 0.08596881959910913, -0.02004454342984412, 0.0334075723830735, 0.11625835189309575, 0.0031180400890868484, 0.15634743875278395, 0.09844097995545657, -0.0423162583518931, -0.07171492204899778, 0.041425389755011116]
Metropolis magnetization:
[5.0, 5.0, 5.0, 5.0, 5.0, 5.0, 4.998218262806236, 4.996436525612473, 4.977728285077951, 4.944766146993319, 4.926057906458798, 4.9135857461024495, 4.8841870824053455, 2.4236080178173727, 0.3104677060133632, -0.8797327394209354, -0.8654788418708238, 0.8957683741648108, 1.5238307349665925, -0.30601336302895327, -1.4757238307349667, -0.7452115812917594, 0.6258351893095768, -0.2739420935412027, 0.16792873051224946, 0.18040089086859687, 0.26057906458797325, -0.4690423162583518, -0.5216035634743875, -0.41559020044543427, -0.2329621380846325, 0.2766146993318485, 0.020935412026726066, -0.10378619153674835, 0.265924276169265, 0.061024498886414265, 0.1403118040089087, 0.15189309576837418, 0.03429844097995546, -0.14298440979955457, -0.07082405345211583, 0.07260579064587971, 0.08062360801781734, -0.04409799554565701, 0.12694877505567928, -0.03697104677060134, -0.03697104677060134, 0.04320712694877507, 0.026280623608017827, 0.015590200445434275]
Heat bath specific heat:
[0.0, 0.0, 0.0, 0.0, 0.0, 0.0, 0.12094385396154704, 0.1876104979637275, 0.33195409442690205, 0.5859057428954991, 0.867127973902259, 1.1037429949256405, 1.4257136004978308, 1.6270609736140427, 1.8942206008250797, 2.3777060398454615, 2.753878121195387, 3.324571190554051, 3.453792391902823, 3.7489464950609355, 3.9638676340530616, 3.716839509522209, 4.789811240035864, 4.438486731827144, 4.648701911283277, 4.466987224206453, 4.4977554674828, 4.9106852530679355, 4.259757871796357, 3.9795476968897505, 4.140589719788955, 3.744911763065058, 3.779293882902154, 3.3861983837039533, 2.812680933571204, 2.7059509335366627, 1.3406132051139148, 1.0219098847356918, 0.6772098593580518, 0.5322127494185873, 0.43297291863938825, 0.29951668011840765, 0.26147900669672225, 0.2372468220979025, 0.1960857479761662, 0.18871121296807522, 0.1344344023443814, 0.09833924021678972, 0.1095348952549055, 0.09299699902282232]
Metropolis specific heat:
[0.0, 0.0, 0.0, 0.0, 0.0, 0.0, 0.06074371092215625, 0.09154240306349491, 0.4434176901956828, 0.940179981695546, 1.1829359312040144, 1.1658978612209485, 1.4634990803939747, 1.6012531890720063, 2.5329631402662702, 2.299094044681257, 2.45572764244448, 2.716395028865737, 3.3554039910516167, 4.1410920567086285, 3.7236166150862116, 4.15600628479228, 4.283388511998486, 4.756897897197798, 4.459621021809063, 4.368710513105244, 4.725040689282295, 4.246630305015137, 4.156779726587984, 4.340324225934291, 3.9598030001244995, 3.4834850370928843, 3.1087096375742815, 2.963619379425417, 2.9708635704518627, 2.6399287646200698, 1.5567024699499528, 1.0844143969885, 0.7322036116055948, 0.537527717874908, 0.3279041456238545, 0.33671290793877123, 0.2495509490465655, 0.22866551321261108, 0.1813540764799553, 0.1677979684832739, 0.1628818484115579, 0.13562838181859385, 0.10643180929571469, 0.10914739510220683]
Heat bath energy error:
[0.0, 0.0, 0.0, 0.0, 0.0, 0.0, 0.03547565940285776, 0.05078645395747946, 0.07633729743479939, 0.11308467253974205, 0.14739905160870503, 0.17322710116172663, 0.2047535042656684, 0.22714727301345963, 0.25416465626583606, 0.29492998409348586, 0.32834882128471143, 0.37279610091789545, 0.39222921755626877, 0.42141540755728635, 0.44645772083416496, 0.44503769527335774, 0.5196411666942898, 0.5141159007231386, 0.5403700808312737, 0.5436430135648653, 0.5594995742873272, 0.5992344256252584, 0.571720278347935, 0.5657533858477118, 0.5905077819037683, 0.5743480586892664, 0.5898003323845122, 0.5704215258162243, 0.5309374027475483, 0.5381253907834793, 0.43898888828939464, 0.4358490711546, 0.39760648727259074, 0.39042244938160436, 0.38636841850197307, 0.34981639097863276, 0.35344475796859726, 0.362001952392407, 0.35213506231226277, 0.3680433374640068, 0.32970797350425324, 0.298302281628631, 0.3320382376506428, 0.3218076017469419]
Metropolis energy error:
[0.0, 0.0, 0.0, 0.0, 0.0, 0.0, 0.02514138709936361, 0.03547565940285776, 0.08822756096185996, 0.14325024299171585, 0.17216057420233422, 0.17803775547529838, 0.20744903737724457, 0.22533861309899342, 0.2939099679023403, 0.29001350038121954, 0.31006532634787926, 0.3369768035133912, 0.3866021239905623, 0.44290770079533565, 0.43271629087758395, 0.47059573968363333, 0.4914033168834055, 0.5322375213964167, 0.5292665200906662, 0.5376294990527558, 0.573461962630198, 0.557247248889773, 0.5647674325093173, 0.5908420428261207, 0.5774725110209769, 0.5539382281050337, 0.5349211387673571, 0.53364312651643, 0.545662917294478, 0.5315200229840354, 0.4730473220838609, 0.4489804823319187, 0.4134354941904823, 0.3923670927451274, 0.3362363846871844, 0.37090230387045253, 0.3452890011817427, 0.3553947811678849, 0.3386490929190799, 0.34705112496040524, 0.36291973427894736, 0.3503228303733946, 0.32730118221064536, 0.34863302111250144]
Heat bath magnetization error:
[0.0, 0.0, 0.0, 0.0, 0.0, 0.0, 0.0017737829701375352, 0.0027970239468393795, 0.0038168648717423746, 0.006692583295505857, 0.008081825227778453, 0.0109525843418947, 0.014175557658318176, 0.21816425434898715, 0.016988367840691455, 0.10455011575423946, 0.025214118800808677, 0.21635379092882454, 0.17275322790495343, 0.21462334976896005, 0.20613356519260523, 0.20327800311000788, 0.19846991984575654, 0.1962920852449009, 0.19411345571882563, 0.18115998837978858, 0.1796369793367514, 0.17029691845490263, 0.16970387338280224, 0.1617808661902156, 0.15611311330836444, 0.1552831317791844, 0.15102022801095072, 0.14548880700998595, 0.13950567361718583, 0.1352104627129055, 0.10467940516496411, 0.09438620081737652, 0.08548739493675815, 0.07872167566184393, 0.07596717102912713, 0.06860915919654441, 0.06676831641887931, 0.0636601553878635, 0.06493095458002811, 0.06693769050723355, 0.06532597752271878, 0.059007688377186736, 0.05901167228553431, 0.05863129895262193]
Metropolis magnetization error:
[0.0, 0.0, 0.0, 0.0, 0.0, 0.0, 0.0012570693549678027, 0.0017737829701375352, 0.004847505572981989, 0.00851880735471696, 0.010898386120785988, 0.011617027047737384, 0.013284425145039124, 0.19888666060199597, 0.2259888953190937, 0.22286037229975023, 0.22081722944202806, 0.21779234282974555, 0.20658543350699826, 0.2134359431549578, 0.2013065564993096, 0.20097692719255725, 0.20238041925313074, 0.19485733427256488, 0.1926854529021257, 0.18359875023536754, 0.17791897503634563, 0.17175261067013664, 0.16772184306452337, 0.1653265097919577, 0.15625020232099, 0.1515459600804037, 0.14495453233684202, 0.1428782773178858, 0.14258853261261173, 0.13255633643514764, 0.11407641859888487, 0.0955910953280032, 0.08599973491256971, 0.07961633142027218, 0.07263815923175374, 0.07100986436701007, 0.06788166705062999, 0.06376275137021822, 0.06162482984788369, 0.06426870945231156, 0.06273141069564492, 0.06293727274658666, 0.0602131738462481, 0.05756671227760861]
Heat bath specific heat error:
[0.0, 0.0, 0.0, 0.0, 0.0, 0.0, 0.0545442693805907, 0.06478546994286448, 0.03298572289588767, 0.13087138046767965, 0.13928491129558626, 0.10656227329587889, 0.07236278308560988, 0.208509425531211, 0.28226066087913987, 0.2302147249688463, 0.1960119728946797, 0.2713262615061907, 0.21403191317873582, 0.21338165782239138, 0.23513864036890997, 0.19317098362940874, 0.3433272256705001, 0.20683071088384408, 0.20088084204967496, 0.23337893792079833, 0.1537313685863946, 0.2934867706179095, 0.19418517462124063, 0.17609359304056918, 0.16809237524959675, 0.263246105300382, 0.2485951017077489, 0.18292841809309582, 0.19989237670941915, 0.19066997067409258, 0.08719435473606846, 0.07184216701911879, 0.05201300717038192, 0.04087557764035853, 0.038549653307254364, 0.02302659569590558, 0.01637046549548718, 0.01947633897362518, 0.015027898604719219, 0.01691338713842441, 0.005437105134966214, 0.007148679798458705, 0.0076711323737455135, 0.004240811316083684]
Metropolis specific heat error:
[0.0, 0.0, 0.0, 0.0, 0.0, 0.0, 0.04481986045481986, 0.030451346664891264, 0.07408139817695256, 0.08148650242542893, 0.1746680805044407, 0.09764757440053468, 0.16385856324862216, 0.09821378604876724, 0.2821834147191578, 0.21662780880043525, 0.334396096234009, 0.2648751126189408, 0.28630777020067033, 0.2923114136121278, 0.2890254077496148, 0.20788236802405047, 0.23948285595385396, 0.26398557921668414, 0.29996171268196414, 0.20005170964110663, 0.2663850294369991, 0.19575580641214144, 0.1402934363209637, 0.2094140472741047, 0.2171230226508432, 0.20394425623881837, 0.199005104539702, 0.13002745631218124, 0.189191456647235, 0.18860041861164667, 0.11998722766241698, 0.08242183884607097, 0.04404246578188845, 0.04691762867177364, 0.019400963543009728, 0.028990141363482335, 0.009969709382914665, 0.013203740306577656, 0.01493893013271318, 0.01239985209081764, 0.00950991051167799, 0.011793414981579963, 0.0052146377879691615, 0.005686035741615323]

#trying to get tau \propto L^z for some constant z... TRY FOR 1D!!!!
L = [5,6,7, 8, 9, 10, 11, 12, 13, 14, 15]
autocorrelation time = [45.17842560791938,
 68.91726239891102,
 121.19640044115492,
 160.55098927099863,
 108.04928758544341,
 180.46956377668462,
 234.8877287218968,
 294.12620296251,
 199.12594189941524,

#Finding what happens to critical specific heat as length increases
L = np.arange(4, 22, 2) #goes from 4 to 20
c_crit = [3.463403020259496, 6.65362102896921, 9.444005632868079, 14.719338066127586, 16.833568103656866, 21.67091916092142, 25.610895192150192, 30.447409709763168, 34.68463384606248]
 208.34611667205732]